MIN,G,ASST
3138,22,3
2660,20,1
2884,19,10
2753,18,7
2653,17,7
2638,17,6
1456,16,3
2027,14,7
2798,13,20
1940,11,9
1877,10,4
1312,10,1
3001,9,8
1192,8,7
1832,6,10
2029,6,7
3420,5,1
892,5,2
2015,5,6
706,4,1
3176,4,13
2244,4,5
1492,4,1
2948,4,0
1770,4,1
2486,3,2
655,3,0
2290,3,6
814,2,3
926,2,2
3113,2,12
2074,2,3
2017,2,1
1711,2,0
2811,2,1
1697,2,0
633,2,0
704,1,0
182,1,0
2395,1,4
1104,1,0
1559,1,1
627,1,0
2591,1,2
1103,1,1
1508,1,1
844,1,1
932,1,0
1488,1,3
1205,1,3
3093,1,0
3420,1,1
374,1,1
1448,1,2
1753,1,5
1004,1,0
992,1,1
1159,1,0
122,1,0
1999,0,0
2545,0,1
873,0,0
346,0,0
1205,0,0
3072,0,0
1119,0,0
1273,0,0
1383,0,2
1699,0,2
1748,0,1
2650,0,0
770,0,0
753,0,2
1583,0,2
0,0,0
1734,0,0
187,0,0
3072,0,4
3420,0,0
1699,0,2
0,0,0
2399,0,1
0,0,0
34,0,0
121,0,0
135,0,0
2159,0,0
790,0,0
1496,0,2
777,0,1
581,0,0
7,0,0
66,0,0
8,0,0
0,0,0
1205,0,1
0,0,0
230,0,0
0,0,0
0,0,0
242,0,0
148,0,0
92,0,0
0,0,0
114,0,0
0,0,0
0,0,0
0,0,0
15,0,0
0,0,0
0,0,0
136,0,0